759
600
370
430
341
941
644
161
63
509
823
311
115
47
659
276
997
91
648
945
441
707
77
294
700
745
653
956
731
239
553
413
750
719
778
206
707
516
407
253
912
988
223
14
594
571
165
200
17
65
930
761
712
87
970
77
510
912
160
885
879
313
285
905
282
994
587
306
55
163
449
609
861
146
708
377
244
128
181
373
68
74
59
927
898
758
796
394
690
565
991
71
416
254
120
242
599
97
539
710
953
407
351
942
933
442
966
432
710
622
611
831
476
635
615
359
947
438
765
130
200
124
406
481
306
227
584
701
930
867
95
781
167
295
926
125
701
975
391
927
923
11
994
409
987
213
174
567
512
632
41
722
957
843
111
801
945
754
492
140
652
113
566
658
309
96
460
485
346
995
568
506
816
792
147
185
979
743
520
564
644
644
118
842
158
288
566
681
235
472
170
867
377
726
373
969
425
483
918
611
755
436
843
484
732
278
636
62
73
149
384
78
226
645
384
717
803
970
469
120
712
187
229
538
334
646
182
233
111
910
413
87
495
598
909
923
428
915
674
444
208
37
662
913
354
857
62
485
160
804
832
258
761
548
494
291
717
731
678
982
463
547
502
715
728
783
789
953
16
611
818
312
606
2
362
7
70
381
579
218
973
325
992
198
612
398
887
41
841
542
864
817
847
995
859
952
667
575
891
597
59
898
706
343
521
356
88
541
634
876
518
949
250
276
891
227
760
440
442
142
115
792
322
549
623
245
765
260
659
707
922
824
996
829
697
485
593
416
191
443
692
521
586
615
234
354
712
312
455
266
390
169
744
418
614
953
192
152
200
859
578
803
849
429
490
49
208
315
131
711
16
962
508
448
549
384
666
378
564
995
288
183
157
734
687
117
601
603
365
423
189
666
332
419
842
754
709
161
188
931
718
873
480
317
994
615
990
172
202
359
712
971
142
203
171
580
354
437
921
175
689
797
607
954
16
762
755
847
450
805
584
105
695
517
684
76
242
507
399
379
744
838
820
76
680
361
153
12
409
748
251
977
929
782
877
329
705
380
432
21
863
604
247
545
296
810
587
156
918
448
675
542
233
35
829
517
995
323
857
928
735
696
183
992
474
49
829
353
328
662
504
143
198
564
795
389
683
554
937
159
739
852
717
37
194
125
547
651
0
765
242
969
330
454
412
454
439
482
905
432
922
132
989
695
209
299
352
472
392
987
923
452
817
266
189
88
687
841
442
16
977
972
704
729
291
212
220
543
812
106
754
356
508
402
181
851
179
419
497
89
336
146
464
134
768
471
240
246
449
535
452
330
644
618
687
68
472
226
785
778
655
247
98
475
264
832
583
980
856
92
893
738
439
341
570
840
132
300
814
284
386
372
297
278
795
319
745
169
256
499
986
428
341
199
622
681
850
269
818
390
831
965
144
698
656
122
604
560
127
494
343
306
150
444
355
947
62
470
437
191
660
350
608
351
293
801
514
86
276
426
749
566
363
276
331
320
607
102
326
877
860
724
672
795
623
195
330
54
576
732
426
113
345
779
327
966
887
524
667
65
771
662
138
64
411
625
280
380
33
510
404
0
88
442
471
246
154
364
671
246
561
359
922
626
712
60
112
754
74
34
186
436
880
169
912
192
122
519
623
124
192
851
30
293
791
676
14
581
848
34
338
757
323
220
57
639
834
977
146
217
639
573
457
809
528
445
769
70
506
205
201
86
515
644
971
541
279
470
207
269
95
767
449
651
429
459
164
17
367
905
280
614
900
428
414
442
887
239
476
993
835
309
496
112
533
934
326
661
969
539
991
564
271
517
301
535
954
440
499
238
564
913
582
556
201
265
786
513
319
635
656
927
857
463
63
428
116
189
706
604
338
880
984
470
304
314
215
762
36
159
160
647
343
297
312
291
248
44
402
554
449
189
547
85
800
655
180
714
838
493
305
818
210
867
835
277
449
201
322
256
499
831
482
714
459
301
463
513
74
563
135
401
905
188
419
917
414
429
202
623
589
602
963
510
960
737
105
210
748
51
303
865
738
43
63
576
35
718
663
741
610
406
540
376
370
454
491
171
560
551
207
299
867
375
677
55
141
337
253
958
852
986
764
413
915
559
485
786
314
707
232
288
236
44
970
467
510
600
468
101
553
263
816
577
893
281
182
859
727
923
284
948
269
42
102
583
803
589
145
307
696
251
584
710
52
96
983
57
201
100
12
138
498
877
333
408
564
202
488
373
324
780
357
11
90
341
406
144
736
67
273
332
795
336
959
310
723
370
818
40
